frames 1
width 73
height 8
color white
88888888888888                    888    888              888        888 
    888    888                    888    888              888        888 
    888    888                    888    888              888        888 
    888    88888b.   .d88b.       8888888888    .d88b.    888    .d88888 
    888    888 "88b d8P  Y8b      888    888   d88""88b   888   d88" 888 
    888    888  888 88888888      888    888   888  888   888   888  888 
    888    888  888 Y8b.          888    888   Y88..88P   888   Y88b 888 
    888    888  888  "Y8888       888    888    "Y88P"    888    "Y88888 
end
eof